2199   2212   2198
2200   2196   2169
2201   2200   2195
2184   2228   270
2201   2197   2212
2194   2197   271
2201   2212   2199
2213   2214   2198
2193   2199   2176
3171   3173   3183
2195   2197   2201
2176   2199   2198
2169   270   2200
2195   2200   270
2212   2197   2194
2200   2201   2196
2162   2202   2161
2138   2163   2202
2241   2217   276
3071   2218   2253
2205   2219   2222
2220   2218   3070
2232   2237   2235
2227   2211   2195
2206   2208   264
2188   2208   2171
2149   264   2207
2175   2188   2171
264   2208   2207
2186   2185   2210
2246   2262   2152
2565   2246   257
2210   2171   2208
2186   2210   2187
2219   2229   2184
2274   271   2195
2213   2212   2194
2195   271   2197
2194   264   2213
2213   264   2214
264   2149   2214
2198   2214   2149
2218   2217   3070
2205   2222   277
262   3064   3129
2168   2180   2239
269   3059   2215
3071   2253   2276
2222   3070   2183
2165   2204   2253
2203   2219   2184
2219   2203   2220
269   3071   2276
2221   2240   2224
2217   2218   3071
2222   2183   2221
2165   2253   2203
2222   2221   277
3264   2241   276
2256   2257   2259
2257   2027   2259
2248   2270   2231
2226   2262   2246
265   2566   2243
2245   2564   2225
2209   2262   2226
2195   270   2227
2228   2227   270
2229   2228   2184
2227   2228   2211
2205   2232   2229
2228   2229   2211
2249   2234   2235
2236   2232   2205
2237   2236   2231
2224   2264   277
278   2230   2233
2250   278   2233
2235   2237   2249
2234   2274   2195
2229   2235   2211
2194   271   2275
2274   2249   2230
2211   2235   2234
2205   277   2236
2231   2236   277
2249   2250   2233
2236   2237   2232
3193   3192   3175
2275   3147   2194
3063   2168   2216
2165   2177   2204
3265   2254   3092
3092   3262   2286
2242   2256   2259
2254   2255   283
2268   2273   2271
2263   2248   2231
2245   2225   2570
2243   3143   2244
2206   2225   2247
2152   2262   2153
2565   2225   2564
258   2157   2567
2246   2152   257
2246   2564   2226
2187   2206   2247
3144   2244   2570
2256   2265   2224
2282   2270   2281
2237   2231   2250
2230   2249   2233
2237   2250   2249
278   2250   2231
3165   264   3164
2238   3145   3161
3262   3263   2027
2242   2259   284
2276   2253   2204
3071   276   2217
3266   2252   2307
3266   3094   3135
2259   2027   2223
2183   2241   2286
2240   2256   2224
2256   2240   2257
2307   3265   3267
2258   2277   2261
2041   283   2255
2259   2223   2258
2183   2286   2240
2259   2258   284
2338   2278   283
2289   2290   2292
2290   3090   2292
2280   2302   2267
2187   2565   257
2568   2569   2245
2231   277   2263
2264   2263   277
2265   2264   2224
2263   2264   2248
2242   2268   2265
2264   2265   2248
2271   2281   2270
2272   2268   2242
2273   2272   2267
2261   2296   284
2273   2269   2281
2266   2269   285
2273   2281   2271
2282   2283   2270
2265   2271   2248
2266   285   2306
2267   2269   2273
2248   2271   2270
2242   284   2272
2267   2272   284
2281   2269   2266
2272   2273   2268
2249   2274   2234
2230   271   2274
3148   3153   3174
271   3148   2284
3059   3134   2215
2183   3070   2241
2309   2287   290
3104   2288   2317
2279   2289   2292
2290   2288   3090
2300   2305   2303
2295   2280   2267
2289   2297   2261
2313   2302   2312
2282   2281   2266
2267   285   2269
2266   278   2282
2282   278   2283
278   2231   2283
2270   2283   2231
2230   3150   3148
3145   2275   2284
2288   2287   3090
2279   2292   291
3264   2286   2241
283   3092   2254
3271   3104   3270
3104   2317   2338
2292   3090   2260
2223   2278   2317
2277   2289   2261
2289   2277   2290
283   3104   2338
2291   2308   2294
2287   2288   3104
2292   2260   2291
2223   2317   2277
2292   2291   291
2318   2321   2308
2320   2321   2323
2321   2319   2323
2311   2333   2299
2267   284   2295
2296   2295   284
2297   2296   2261
2295   2296   2280
2279   2300   2297
2296   2297   2280
2303   2312   2302
2304   2300   2279
2305   2304   2299
2294   2327   291
2305   2301   2312
2298   2301   292
2305   2312   2303
2313   2314   2302
2297   2303   2280
2298   292   2337
2299   2301   2305
2280   2303   2302
2279   291   2304
2299   2304   291
2312   2301   2298
2304   2305   2300
3199   3208   3282
2306   3278   2266
3265   2252   3091
2223   2027   2278
3287   2319   2321
2309   2369   2318
2310   2320   2323
3287   2321   2318
2331   2336   2334
2326   2311   2299
2320   2328   2294
2344   2333   2343
2313   2312   2298
2299   292   2301
2298   285   2313
2313   285   2314
285   2267   2314
2302   2314   2267
285   2315   2306
3276   2306   2315
3301   3298   3303
2310   2323   298
2338   2317   2278
3104   290   2287
2316   2340   2319
2348   2318   2369
2323   2319   2293
2260   2309   2318
2308   2320   2294
2320   2308   2321
290   2369   2309
2322   2339   2325
2348   3287   2318
2323   2293   2322
282   289   3290
2323   2322   298
2349   2352   2339
2351   2352   2354
2352   2350   2354
2342   2364   2330
2299   291   2326
2327   2326   291
2328   2327   2294
2326   2327   2311
2310   2331   2328
2327   2328   2311
2334   2343   2333
2335   2331   2310
2336   2335   2330
2325   2358   298
2336   2332   2343
2329   2332   299
2336   2343   2334
2344   2345   2333
2328   2334   2311
2329   299   2368
2330   2332   2336
2311   2334   2333
2310   298   2335
2330   2335   298
2343   2332   2329
2335   2336   2331
3218   3224   3313
2337   3309   2298
3290   3288   3100
2260   3090   2309
3318   2350   2352
2340   2400   2349
2341   2351   2354
3318   2352   2349
2362   2367   2365
2357   2342   2330
2351   2359   2325
2375   2364   2374
2344   2343   2329
2330   299   2332
2329   292   2344
2344   292   2345
292   2299   2345
2333   2345   2299
292   2346   2337
3307   2337   2346
3320   3912   3882
2341   2354   305
290   2348   2369
2318   2308   2260
2347   2371   2350
2379   2349   2400
2354   2350   2324
2293   2340   2349
2339   2351   2325
2351   2339   2352
297   2400   2340
2353   2370   2356
2379   3318   2349
2354   2324   2353
3300   3296   3319
2354   2353   305
2378   3346   2370
2382   2383   2385
2383   2381   2385
2395   2361   2373
2330   298   2357
2358   2357   298
2359   2358   2325
2357   2358   2342
2341   2362   2359
2358   2359   2342
2365   2374   2364
2366   2362   2341
2367   2366   2361
2356   2389   305
2367   2363   2374
2360   2363   306
2367   2374   2365
2375   2376   2364
2359   2365   2342
2360   306   2399
2361   2363   2367
2342   2365   2364
2341   305   2366
2361   2366   305
2374   2363   2360
2366   2367   2362
3233   3239   3341
2368   3337   2329
297   2340   2316
2293   2319   2340
3348   2371   304
3346   2431   2381
2372   2382   2385
3346   2381   2383
2393   2398   2396
2388   2373   2361
2382   2390   2356
2406   2395   2405
2375   2374   2360
2361   306   2363
2360   299   2375
2375   299   2376
299   2330   2376
2364   2376   2330
299   2377   2368
3335   2368   2377
2402   2431   311
2372   2385   312
297   2379   2400
2349   2339   2293
3349   3330   3325
2402   2381   2431
2385   2381   2355
3348   304   2380
2370   2382   2356
2382   2370   2383
311   2431   2410
2384   2401   2387
2410   2431   3346
2385   2355   2384
3326   3347   3327
2385   2384   312
2409   3368   2401
2413   2414   2416
2414   2412   2416
2426   2392   2404
2361   305   2388
2389   2388   305
2390   2389   2356
2388   2389   2373
2372   2393   2390
2389   2390   2373
2396   2405   2395
2397   2393   2372
2398   2397   2392
2387   2420   312
2398   2394   2405
2391   2394   313
2398   2405   2396
2406   2407   2395
2390   2396   2373
2391   313   2430
2392   2394   2398
2373   2396   2395
2372   312   2397
2392   2397   312
2405   2394   2391
2397   2398   2393
3356   3359   3252
2399   3357   2360
304   2371   2347
2324   2350   2371
3370   2402   311
3368   2462   2412
2403   2413   2416
3368   2412   2414
2424   2429   2427
2419   2404   2392
2413   2421   2387
2437   2426   2436
2406   2405   2391
2392   313   2394
2391   306   2406
2406   306   2407
306   2361   2407
2395   2407   2361
306   2408   2399
3355   2399   2408
2433   2462   318
2403   2416   319
2410   3346   2380
2324   2378   2370
3902   3905   3372
2433   2412   2462
2416   2412   2386
3370   311   2411
2401   2413   2387
2413   2401   2414
318   2462   2441
2415   2432   2418
2441   2462   3368
2416   2386   2415
3369   310   3902
2416   2415   319
2442   2445   2432
2444   2445   2447
2445   2443   2447
2435   2457   2423
2392   312   2419
2420   2419   312
2421   2420   2387
2419   2420   2404
2403   2424   2421
2420   2421   2404
2427   2436   2426
2428   2424   2403
2429   2428   2423
2418   2451   319
2429   2425   2436
2422   2425   320
2429   2436   2427
2437   2438   2426
2421   2427   2404
2422   320   2461
2423   2425   2429
2404   2427   2426
2403   319   2428
2423   2428   319
2436   2425   2422
2428   2429   2424
3381   3378   314
2430   3379   2391
2371   2378   2324
2355   2381   2402
3404   2443   2445
2433   2493   2442
2434   2444   2447
3404   2445   2442
2455   2460   2458
2450   2435   2423
2444   2452   2418
2468   2457   2467
2437   2436   2422
2423   320   2425
2422   313   2437
2437   313   2438
313   2392   2438
2426   2438   2392
313   2439   2430
3377   2430   2439
3410   3417   3403
2434   2447   326
2441   3368   2411
2355   2409   2401
2440   2464   2443
2472   2442   2493
2447   2443   2417
2386   2433   2442
2432   2444   2418
2444   2432   2445
318   2493   2433
2446   2463   2449
2472   3404   2442
2447   2417   2446
3904   3407   3408
2447   2446   326
2473   2476   2463
2475   2476   2478
2476   2474   2478
2466   2488   2454
2423   319   2450
2451   2450   319
2452   2451   2418
2450   2451   2435
2434   2455   2452
2451   2452   2435
2458   2467   2457
2459   2455   2434
2460   2459   2454
2449   2482   326
2460   2456   2467
2453   2456   327
2460   2467   2458
2468   2469   2457
2452   2458   2435
2453   327   2492
2454   2456   2460
2435   2458   2457
2434   326   2459
2454   2459   326
2467   2456   2453
2459   2460   2455
3425   3422   321
2461   3423   2422
2402   2409   2355
2386   2412   2433
3506   2474   2476
2464   2524   2473
2465   2475   2478
3506   2476   2473
2486   2491   2489
2481   2466   2454
2475   2483   2449
2499   2488   2498
2468   2467   2453
2454   327   2456
2453   320   2468
2468   320   2469
320   2423   2469
2457   2469   2423
320   2470   2461
3421   2461   2470
3512   3519   3505
2465   2478   333
318   2472   2493
2442   2432   2386
2471   2495   2474
2503   2473   2524
2478   2474   2448
2417   2464   2473
2463   2475   2449
2475   2463   2476
325   2524   2464
2477   2494   2480
2503   3506   2473
2478   2448   2477
3510   3509   3406
2478   2477   333
2504   2507   2494
2506   2507   2509
2507   2505   2509
2497   2519   2485
2454   326   2481
2482   2481   326
2483   2482   2449
2481   2482   2466
2465   2486   2483
2482   2483   2466
2489   2498   2488
2490   2486   2465
2491   2490   2485
2480   2513   333
2491   2487   2498
2484   2487   334
2491   2498   2489
2499   2500   2488
2483   2489   2466
2484   334   2523
2485   2487   2491
2466   2489   2488
2465   333   2490
2485   2490   333
2498   2487   2484
2490   2491   2486
3445   3454   3529
2492   3525   2453
325   2464   2440
2417   2443   2464
3534   2505   2507
2495   2553   2504
2496   2506   2509
3534   2507   2504
2517   2522   2520
2512   2497   2485
2506   2514   2480
2530   2519   2529
2499   2498   2484
2485   334   2487
2484   327   2499
2499   327   2500
327   2454   2500
2488   2500   2454
327   2501   2492
3523   2492   2501
2502   3541   3540
2496   2509   340
325   2503   2524
2473   2463   2417
2502   2526   2505
2534   2504   2553
2509   2505   2479
2448   2495   2504
2494   2506   2480
2506   2494   2507
332   2553   2495
2508   2525   2511
2534   3534   2504
2509   2479   2508
3538   3537   3508
2509   2508   340
4464   2536   4468
2537   2538   2540
4470   2533   2526
2528   2548   2516
2485   333   2512
2513   2512   333
2514   2513   2480
2512   2513   2497
2496   2517   2514
2513   2514   2497
2520   2529   2519
2521   2517   2496
2522   2521   2516
2511   2542   340
2522   2518   2529
2515   2518   341
2522   2529   2520
2530   2531   2519
2514   2520   2497
2515   341   2552
2516   2518   2522
2497   2520   2519
2496   340   2521
2516   2521   340
2529   2518   2515
2521   2522   2517
3463   3469   3557
2523   3553   2484
332   2495   2471
2448   2474   2495
2577   2575   4471
4463   2536   4464
346   2577   2535
2536   2574   4465
2546   2551   2549
2541   2528   2516
2537   2543   2511
2555   2548   2554
2530   2529   2515
2516   341   2518
2515   334   2530
2530   334   2531
334   2485   2531
2519   2531   2485
334   2532   2523
3551   2523   2532
2538   2533   4472
4471   2535   2577
332   2534   2553
2504   2494   2448
4470   2526   339
2479   2533   2525
2537   2525   2538
2479   2526   2533
2525   2537   2511
2527   2540   347
2575   2539   2540
2527   2537   2540
2574   2535   4471
2540   2539   347
2516   340   2541
2542   2541   340
2543   2542   2511
2541   2542   2528
2543   2549   2528
2542   2543   2528
2545   2547   2551
2549   2554   2548
2551   2550   2545
2527   2546   2543
2551   2547   2554
2550   2546   2527
2551   2554   2549
2555   2556   2548
2544   2547   348
3575   2558   2559
2528   2549   2548
2527   347   2550
2545   2550   347
2554   2547   2544
2550   2551   2546
3478   3484   3569
2552   3565   2515
339   2526   2502
2479   2505   2526
2555   2554   2544
2545   348   2547
2544   341   2555
2555   341   2556
341   2516   2556
2548   2556   2516
341   2557   2552
3563   2552   2557
3583   3576   3580
2558   3577   2544
3493   3499   3582
348   2559   2558
242   1467   2560
2097   2560   1467
242   2560   2561
2093   2561   2560
251   2562   2157
251   2573   2562
2612   2156   2563
2573   2156   2612
2225   2206   2570
3143   2245   2570
2247   2565   2187
2564   2246   2565
3182   3176   2572
2245   2566   2568
2209   2226   2154
2569   2226   2564
2566   258   2568
2568   2154   2569
2226   2569   2154
2245   2569   2564
2245   2243   2566
2238   3157   3165
3590   2566   2571
3599   3591   3595
265   3182   2571
3182   3587   2571
251   1660   2573
2156   2573   1660
2535   4463   346
2535   2536   4463
2539   2575   2510
2538   2575   2540
2574   2536   2535
2525   2533   2538
346   2510   2577
2575   2577   2510
113   1537   2578
2589   2585   2578
2579   2580   2587
2591   114   2590
2584   1528   106
2588   2581   2589
2583   2587   2589
2586   2584   106
2580   2582   1524
2590   2582   2579
2580   1528   2584
2591   2583   1537
2581   2585   2589
2583   2578   1537
113   2578   2585
106   2581   2586
2581   2588   2586
2579   2587   2583
2580   2584   2588
2580   2588   2587
2583   2589   2578
2589   2587   2588
114   1522   2590
2582   2590   1522
114   2591   1537
2579   2591   2590
231   790   2592
1633   2594   1625
2596   238   2595
1635   2594   1621
237   2598   1626
1623   2593   2595
2596   2595   2593
1622   1631   1627
238   2596   1616
237   238   2597
238   1616   2597
237   1629   2598
1621   2598   1629
237   1626   2599
1639   2599   1626
2618   1651   2613
244   2613   1651
2611   2600   2620
2603   2602   245
1652   2609   1663
245   2610   2603
2605   2606   2608
2600   2611   2605
3603   1666   2604
3592   3597   3594
2606   2605   1666
2602   2600   2608
1666   252   2606
252   2602   2608
2600   2602   2603
2605   2609   1652
2603   2610   2620
2622   2607   2621
2607   2622   2609
245   2601   2610
2620   2610   2601
2620   2600   2603
2609   2611   2607
251   2157   2604
2157   3600   2604
2601   2615   2613
244   2601   2613
2614   2616   2625
2617   2619   2626
2626   2623   2628
2627   2614   2615
2624   2614   2627
2624   2627   245
2616   2614   2624
2629   2617   2628
2615   2618   2613
2629   2618   2617
2615   2614   2619
2618   2619   2617
2621   2620   2601
2611   2620   2607
2601   244   2621
2622   2621   244
244   1663   2622
2609   2622   1663
2629   2628   237
2626   2628   2617
2616   238   2625
2626   2625   2623
238   2623   2625
2614   2626   2619
2615   2601   2627
2601   245   2627
2623   238   2628
238   237   2628
237   1651   2629
2618   2629   1651
2638   2630   1679
1702   1690   2639
2631   2642   2634
2631   1690   1702
1691   2632   1484
2634   1484   2632
1697   2635   1489
1694   2635   2633
1484   2634   117
2630   2632   1691
1702   1342   2640
2642   2631   1489
124   1484   2636
473   2636   1484
1484   117   2637
1099   2637   117
1679   125   2638
2639   2638   125
125   1342   2639
2639   1342   1702
1342   118   2640
2634   2632   2631
1710   2641   1708
2635   2641   2633
1489   117   2642
117   2634   2642
2640   2643   1702
1489   2643   1705
2647   2658   1794
2653   2986   1726
1726   2645   1739
2648   1727   1725
2670   2671   90
2693   2672   2674
2650   2667   2669
1843   88   1861
1737   2648   1724
1727   2648   2645
2654   1846   2646
1837   2646   1843
2693   2674   89
1739   2671   2984
1842   2651   1836
1840   2657   2656
2647   1794   97
1845   2644   2658
1726   1739   2653
2669   2671   2670
2986   2976   1845
2979   2977   2655
1813   2981   2979
1821   2651   1849
2656   2657   1847
96   2644   1845
1840   89   2657
1847   2657   89
81   2678   2662
2668   2983   2667
1846   2661   88
89   2667   2650
2672   2659   2674
2661   2660   2659
2659   2664   2661
2661   2664   2679
2676   2662   2673
2666   2665   2663
2678   2681   2664
2700   2698   2699
2688   2682   2677
2659   2675   2664
2679   2665   2661
2666   2663   1851
1851   88   2666
88   2665   2666
1840   2668   2667
89   1840   2667
1842   2668   1840
2652   2668   1842
97   1726   2647
2983   2984   2669
90   2650   2670
2650   2669   2670
2652   2976   2983
90   2671   1739
3620   3612   3619
89   2649   2693
89   2650   2649
2650   3613   2649
2763   76   1786
2660   1847   2674
82   2694   2693
2664   2675   2678
2672   2694   2675
1847   89   2674
2730   2677   2683
2675   2662   2678
2681   2678   81
2692   2697   2691
2679   2681   2698
2665   2679   2700
2684   2730   2736
2690   2689   2684
2698   2681   81
2664   2681   2679
2683   2733   2730
2730   2684   2689
2725   2728   75
2682   2688   2676
2723   2682   82
2683   2677   2680
2731   3624   3614
2688   2662   2676
2677   2682   2680
2662   2688   2689
2884   2885   2880
2683   2725   2733
3625   2718   3626
2710   2736   2696
2676   82   2682
2684   2709   2690
81   2662   2690
2662   2689   2690
2711   2708   2712
2686   2687   74
2713   2718   2711
2710   2696   2692
3615   3613   3612
2659   2660   2674
2675   2694   2673
2673   2662   2675
80   2706   81
2703   2706   2702
2788   2787   2786
2692   2712   2710
74   2697   2696
2691   2713   2692
81   2695   2698
2698   2695   2699
2703   2702   2701
3627   3629   2702
2665   2700   2663
2698   2700   2679
2705   87   1851
2704   1851   2663
2695   2703   2699
1851   2704   2705
2706   2703   2695
2701   2705   2704
2701   87   2705
87   2701   2702
2703   2704   2699
81   2706   2695
2702   2706   80
2703   2701   2704
2718   2714   2717
2715   2708   2711
2708   2709   2710
2713   2711   2712
2690   2709   81
2710   2709   2684
2688   2677   2689
2774   2687   75
2702   80   3627
2717   2715   2711
2710   2712   2708
2713   2712   2692
2696   2697   2692
2707   2691   73
3626   73   3625
2715   81   2716
80   2715   2717
80   81   2715
2709   2716   81
2708   2715   2716
3626   2713   2707
2717   2711   2718
2714   2718   3625
3625   80   2714
3627   3628   2719
3684   3685   2720
3629   2719   2720
3684   2719   3628
1748   2721   1751
2722   1752   1742
1747   2722   1741
1752   2722   2721
3622   2740   3616
83   2726   2685
1757   2724   1769
2727   1758   1756
2739   1769   2741
2680   2728   2683
83   1757   2726
2696   2686   74
1767   2727   1755
1758   2727   2724
2733   2725   2687
75   2687   2725
2696   2736   2686
2732   1769   2739
2733   2686   2736
2684   2736   2710
83   2685   2734
3621   83   2734
1757   1769   2732
2739   2741   2738
1757   2732   2726
2685   3618   2723
82   2685   2723
2677   2730   2689
2770   2729   2737
2726   2735   3618
2733   2736   2730
2682   2723   3616
2728   2737   75
2770   2728   2740
3616   2680   2682
2740   3622   2770
2735   2726   2732
2741   1769   76
2680   2740   2728
3618   2735   3622
76   2729   2741
2738   2741   2729
2886   2745   2752
1780   63   2749
2744   2742   2749
2748   2751   2762
2742   2744   2750
1780   2749   2743
2889   2756   2746
2890   1779   2743
2750   2762   2742
3719   2753   2755
69   2745   2759
2746   1779   2890
2767   2752   2747
2744   2749   63
2747   69   2754
2744   62   2750
2889   2751   2754
2751   2748   2747
62   2747   2748
2886   2752   2888
62   2748   2750
3723   3720   56
2753   3721   2744
2747   2754   2751
2756   2754   69
2966   3717   3726
63   2755   2753
69   1778   2756
2746   2756   1778
2757   2761   2764
1784   2765   2759
69   2747   2745
2895   2899   2900
1770   2759   2765
69   1770   1781
1781   1770   2764
1770   69   2759
2760   2776   2774
2764   2763   1786
2737   2729   2771
2761   2771   2729
1786   1781   2764
76   2763   2729
2891   2766   2881
2729   2763   2761
1784   2757   2765
2765   2757   2764
2890   2762   2751
2748   2762   2750
2877   2814   2882
2891   2885   2888
2766   2767   62
2883   2769   68
2759   2745   2768
2819   2957   2878
2729   2770   2738
2728   2770   2737
2772   2761   2757
75   2771   2760
2773   2772   2757
2760   2771   2772
1784   2773   2757
2760   2773   68
2808   2815   2819
75   2760   2774
2781   2780   2777
2778   2782   2799
2777   2776   2760
2779   2776   2782
2760   68   2777
2780   2775   2782
2782   2776   2780
74   2687   2784
2780   2776   2777
2687   2779   2778
2778   2779   2782
2781   2777   68
68   2775   2781
2775   2780   2781
2775   2785   2782
2786   2799   2800
76   1763   2783
1773   2783   1763
2687   2778   2784
2778   2799   2787
2775   67   2785
2800   2785   67
2792   73   2789
2790   2788   2786
2778   2787   2784
2697   74   2788
67   2812   2800
2787   2788   74
2691   2789   73
2793   2794   2789
2790   2797   2794
2794   2792   2789
2795   66   2798
2795   2791   2809
2794   2793   2790
2793   2789   2691
2697   2793   2691
2790   2793   2788
2791   2812   67
2794   2797   2796
2791   2795   2797
2786   2812   2790
66   2792   2796
2792   2794   2796
2804   2791   67
2797   2795   2798
66   2796   2798
2797   2798   2796
2800   2799   2782
2787   2799   2786
2785   2800   2782
2791   2797   2812
2810   3644   3649
73   3644   2810
2804   2806   2809
2821   3651   2806
3660   2820   59
2807   67   2876
2807   2876   2805
2804   2803   2806
2878   2758   2817
2807   2805   2815
2803   2811   2806
2823   2803   2813
67   2807   2804
2829   2834   2838
2813   2803   2815
2813   2808   60
2804   2809   2791
2806   2811   2821
2792   3646   3644
3637   3639   73
2809   2806   3651
3660   2821   2820
2790   2812   2797
2800   2812   2786
2813   2815   2808
2815   2803   2807
2821   2811   2802
2802   2820   2821
2886   2888   2884
2879   2805   2876
2819   2878   2808
2818   2816   2830
2805   2879   2819
2803   2823   2811
2813   60   2816
2758   2878   2957
2805   2819   2815
2819   2877   2957
2818   2820   2802
2823   2802   2811
2802   2823   2818
2820   2818   59
2825   2827   2830
3705   3703   2827
2813   2816   2823
2818   2823   2816
2840   3707   52
2828   60   2894
2828   2894   2826
2825   2824   2827
2896   2892   2836
2828   2826   2834
2839   3648   3657
2842   2824   2832
60   2828   2825
2848   2850   2859
2832   2824   2834
2832   2829   53
2825   2830   2816
3703   2840   59
2830   2827   3703
3710   3648   2839
2832   2834   2829
2834   2824   2828
3657   3648   3704
2936   3777   3709
2833   2902   2961
2897   2826   2894
2838   2896   2829
2837   2835   2849
2826   2897   2838
2824   2842   3706
2832   53   2835
2892   2896   2958
2826   2838   2834
2838   2895   2958
2822   3716   2872
3716   3672   59
3681   3656   3670
3707   2837   52
2844   2846   2849
2846   2860   2849
2832   2835   2842
2837   2842   2835
2855   2854   2851
2847   53   2914
2847   2914   2845
2843   2852   2844
2853   2916   2915
2847   2845   2850
2916   2959   2915
2844   2852   2846
53   2847   2844
3981   4065   4073
2851   2843   2850
2851   2848   46
2844   2849   2835
2871   2946   2873
2857   2860   2861
2917   2845   2914
2859   2916   2848
2850   2843   2847
2851   2850   2848
2858   2857   2861
45   2858   2862
2843   2854   2852
2856   2854   2855
46   4060   2856
2846   2852   2861
4089   45   2862
46   2855   2851
46   2856   2855
2845   2917   2859
2861   2852   2854
2856   2862   2861
2926   2922   2924
2948   2871   2873
2845   2859   2850
2863   2860   2857
2863   52   2865
2861   2854   2856
2858   45   2857
2861   2862   2858
2863   2865   2860
2861   2860   2846
2860   2865   2837
2970   4077   2953
2930   2932   2933
52   2837   2865
2860   2837   2849
2933   2948   2869
2863   2867   2868
3841   3783   3840
2870   2940   2864
2940   2857   2938
2863   2868   52
2868   2867   2946
52   2868   2866
51   2950   2967
2870   2947   2873
2864   2940   2938
2933   2932   2871
2866   2930   2937
2872   2874   3708
2950   2875   4076
51   2930   2875
51   2936   3709
2840   2874   2872
2857   45   2938
2930   2866   2932
67   2775   2876
2879   2876   2775
2957   2769   2880
2775   2814   2879
2808   2878   2817
2879   2877   2819
2775   68   2814
2814   2877   2879
61   2758   2880
2882   2814   68
2747   62   2767
2883   2886   2884
68   2769   2882
2877   2882   2769
2768   2883   1784
68   1784   2883
2769   2883   2884
2768   2886   2883
2887   2885   2881
2756   2889   2754
2767   2891   2752
2887   2880   2885
2881   61   2887
2880   2887   61
2884   2888   2885
2745   2886   2768
2890   2889   2746
62   2881   2766
2742   2890   2743
2889   2890   2751
2885   2891   2881
2891   2888   2752
2902   2833   2910
2903   2904   2881
2965   47   2841
2838   2958   2896
60   2817   2894
2897   2894   2817
2958   2893   2898
2893   2903   2908
2829   2896   2836
2897   2895   2838
2817   61   2899
2899   2895   2897
54   2892   2898
3776   2908   2903
2817   2899   2897
2900   2899   61
61   2893   2900
2895   2900   2893
2913   2905   2924
2881   2906   2903
2961   2964   2833
54   2911   2910
2904   2903   2893
2924   2922   2901
2893   61   2904
2881   2904   61
2910   2911   2901
2913   3776   2906
2905   2909   62
2907   2924   2905
2908   2898   2893
2881   62   2909
2898   2908   2911
2911   2908   2901
2910   55   2902
2906   2881   2909
2913   2909   2905
62   2907   2905
54   2898   2911
2925   2918   54
3776   2903   2906
2912   2833   2964
3776   2924   2901
2909   2913   2906
53   2836   2914
2917   2914   2836
2920   2917   2919
2917   2960   2859
2848   2916   2853
2959   2960   2920
2919   2836   54
2915   2841   47
2918   2920   2919
2853   2915   4073
2918   2919   54
2917   2836   2919
2959   2841   2915
2918   2841   2959
2928   2912   2964
2841   2928   2965
2907   55   2926
55   2929   2902
2912   2925   2833
3720   3723   3725
2922   2910   2901
2922   2926   55
55   2910   2922
2928   2918   2912
2910   2833   2925
3732   3730   3727
2961   2921   3754
2925   2912   2918
2841   2918   2928
2910   2925   54
2907   2926   2924
2923   3973   3974
4081   2967   50
2946   2871   2868
2947   2870   44
58   2831   2935
2868   2932   2866
2932   2868   2871
2869   2875   2933
2875   2930   2933
2831   3701   2934
58   2935   2936
2934   2935   2831
3777   3708   3709
3716   2822   3672
3709   3708   2937
2930   3709   2937
2937   2874   2866
2938   45   2864
2864   2944   2870
3798   4093   2942
2870   2941   3780
2873   2946   2940
2940   2946   2857
3805   3785   3822
31   3784   3829
3781   3780   2941
3822   3785   3826
2945   3780   3781
2864   45   4093
45   2942   4093
37   3791   3796
4089   2942   45
3836   2939   3834
2857   2946   2867
2870   2873   2940
44   2869   2947
2948   2947   2869
2871   2948   2933
2947   2948   2873
2971   2972   44
2953   4076   2972
2952   2968   2970
2952   3788   2973
2951   2949   2967
2955   4076   2875
4078   50   4079
2955   2869   2972
43   2956   2968
43   2968   2952
2931   2951   4084
4085   3779   4086
2875   2869   2955
2970   2972   2971
2969   4079   4077
2956   2969   2968
2769   2957   2877
2758   2957   2880
2893   2958   2895
2892   2958   2898
2960   2916   2859
2918   2959   2920
2920   2960   2917
2916   2960   2959
2963   2929   3732
2961   2902   2929
3717   3730   55
2963   48   2927
47   2965   2923
2964   2965   2928
2963   2927   2921
2929   2921   2961
48   2923   2927
2929   2963   2921
55   2907   2962
3722   3724   3726
4086   4082   2954
2969   4077   2968
2936   51   2949
51   2967   2949
4078   4079   2969
51   2875   2950
2972   2970   2953
44   2952   2971
2952   2970   2971
2950   2953   2967
44   2972   2869
3795   3787   3794
3793   3797   3787
3788   3792   2973
43   2952   2973
1817   2981   1835
96   2979   2982
2984   2653   1739
1717   97   1794
2655   2982   2979
1826   2655   2977
2975   2978   1810
2982   2655   2644
2986   1845   2647
96   2982   2644
97   1717   2980
1719   2980   1717
103   2977   2979
1817   1819   1825
2975   1857   2978
2658   2644   2655
2667   2983   2669
2652   2983   2668
2669   2984   2671
2986   2984   2976
103   1372   2985
2978   2985   1372
1726   2986   2647
2984   2986   2653
1835   1813   2987
1836   2987   1813
2992   1904   99
3000   2989   3001
1942   2999   3001
2998   2992   99
2988   2990   1903
3002   2990   1891
2989   2997   3001
100   1894   2991
1942   1902   1528
2996   2993   3011
2994   2993   1894
1937   3012   2995
1894   93   2994
99   2989   2998
92   3004   2995
3010   3014   1937
1940   2993   2994
3009   92   2995
1940   3011   2993
106   1902   2997
2989   3000   2998
1891   2999   1942
2988   2992   3000
2988   3000   2999
1942   3001   1902
3001   2999   3000
107   1884   3002
2990   3002   1884
107   3003   1528
1891   3003   3002
1937   3011   3012
2995   3004   1937
1953   3005   1946
1944   1941   3005
1949   3006   1951
1950   1947   3007
1948   1944   3008
1944   3006   3008
92   1948   3008
1948   92   3009
99   3013   3010
2996   3014   1904
1940   1948   3012
2996   3011   1937
3012   3009   2995
1940   3012   3011
99   1904   3013
3014   3013   1904
1937   3014   2996
3013   3014   3010
1914   87   3015
1936   3015   87
1936   86   3016
1915   3016   86
3666   3025   3661
3019   3018   1943
3032   3029   3030
1943   86   3019
3026   3030   3017
79   3025   3032
3028   3029   3027
3022   3018   3019
3652   72   3024
3022   3031   3018
3023   3019   86
86   3017   3023
3017   3022   3023
3020   3028   3027
3028   1955   3021
3025   3027   3029
78   3027   3025
3017   79   3026
79   3661   3025
78   3020   3027
1955   3028   3020
3029   3028   3021
3031   3021   3018
3022   3017   3030
3032   3030   3026
3030   3029   3031
3030   3031   3022
3021   3031   3029
79   3032   3026
3025   3029   3032
3024   3033   3643
72   3033   3024
1577   2077   1590
3034   2060   2069
2077   3037   3040
3037   1577   1581
3042   3049   3050
2077   3040   2078
3041   1581   228
2073   2060   3035
235   3034   3038
2077   235   1590
3042   3044   3048
3043   2061   3036
3041   3040   3037
3043   3040   3039
228   1568   3041
3048   3041   1568
3042   3048   3049
3047   1435   3046
3044   3043   3039
3045   3043   3047
3048   3044   3039
3047   3042   1435
2061   3043   3045
3043   3044   3047
1435   234   3046
234   3045   3046
3047   3044   3042
3045   3047   3046
3041   3048   3039
3049   3048   1568
1568   227   3049
3050   3049   227
227   1435   3050
1435   3042   3050
1990   3051   1993
3052   1994   1983
1988   3052   1982
1994   3052   3051
261   2178   3060
261   3056   2178
1999   3054   2011
3057   2000   1998
3068   3069   268
3055   3127   3069
3059   3065   3067
2216   269   3063
2009   3057   1997
2000   3057   3054
3067   3126   3055
3062   3127   1999
2204   3063   269
3062   2011   3069
3066   3126   3065
269   2216   3065
3061   3115   3053
2178   262   3058
1999   2011   3062
3067   3069   3068
3060   2178   3061
2216   2239   3064
3064   2239   3129
2216   3066   3065
269   3065   3059
3066   3128   3126
3125   261   3060
3064   3128   3066
261   1999   3056
3069   3067   3055
268   3059   3068
3059   3067   3068
3056   3055   2178
268   3069   2011
3141   3133   3140
269   2215   3071
3139   3134   3133
2218   2220   2253
2020   3072   2023
3073   2024   2014
2019   3073   2013
2024   3073   3072
3077   3079   3086
2037   288   3081
3076   3074   3081
3075   3074   3079
3074   3076   3082
2037   3081   3075
3088   3077   3084
3075   3078   2036
3088   3078   3077
3845   3085   3087
3078   3079   3077
3088   3084   282
3077   3080   3084
3076   3081   288
3083   3086   3082
3076   289   3082
3083   3082   289
289   3080   3083
3086   3083   3080
3080   289   3084
289   282   3084
3849   3846   295
3085   3847   3076
3077   3086   3080
3074   3086   3079
3332   3843   3852
288   3087   3085
282   2035   3088
3078   3088   2035
2255   2254   3091
3098   2041   3089
3101   3102   3103
3270   3269   3102
2278   2027   3263
3262   2257   2286
2042   3099   2252
2255   3091   2041
3094   3093   3138
3091   2252   3089
3142   275   3097
2038   3096   2044
3095   3138   3093
2215   3139   3071
3105   2043   275
2038   282   3099
2042   2252   3266
282   3098   3099
2042   2038   3099
2252   3099   3089
3098   3089   3099
2307   3267   3268
3291   3273   3272
3290   289   2285
282   3100   3101
3101   3100   3102
2290   2277   2317
3272   3288   2285
3101   3103   3098
3269   3104   283
3103   3102   3269
2288   2290   2317
275   2020   3105
2030   3105   2020
3114   2167   3106
254   1996   3121
2170   2167   3107
255   3112   2056
3113   3112   3117
3131   3108   3117
3106   3109   2058
3131   3109   3108
3114   254   3107
3109   3110   3108
254   1974   3111
1976   3111   1974
3131   3117   248
3113   3117   3108
2167   3113   3110
3113   2056   3112
254   3114   1974
2167   3114   3107
3124   3119   3120
3061   3053   3060
3121   3116   3107
3115   3124   3122
3112   255   3117
255   248   3117
3122   2170   3116
255   2170   3118
3058   3119   3061
3069   3127   3062
3122   3124   3120
1996   3125   3053
3107   254   3121
3116   3121   3115
3061   3124   3115
3120   3119   3123
262   2148   3123
3120   3123   2148
3125   3060   3053
3055   3056   3127
1996   261   3125
3115   3122   3116
2178   3055   3128
262   3123   3058
3122   3120   3118
3065   3126   3067
262   2178   3128
3055   3126   3128
2239   2160   3130
262   3129   2163
2163   3130   2114
2239   3130   3129
248   2047   3131
3109   3131   2047
1653   3132   2139
250   3132   1658
3133   3134   3140
3137   3139   3093
3140   3134   3059
3095   3133   3141
2043   2042   3135
3093   3133   3095
275   2043   3135
3137   3071   3139
3134   3139   2215
3071   3137   276
3094   3138   3097
3094   276   3136
3095   2026   3142
3142   3138   3095
3059   268   3140
3141   3140   268
268   2026   3141
3141   2026   3095
2026   275   3142
276   3137   3136
2245   3143   2243
2570   2244   3143
2206   264   3144
2244   3144   264
3158   2284   272
3146   3160   3158
3160   3145   3158
265   2244   2251
3145   3147   2275
3164   3147   2238
3275   3279   3284
271   2230   3148
3155   3154   3151
3166   272   3168
3151   3150   2230
3152   3156   3170
2230   278   3151
3170   3149   3167
3167   279   3152
3174   3156   3168
3154   3150   3151
265   3159   3172
3154   3169   3150
3155   3151   278
278   3149   3155
3149   3154   3155
3156   3152   3166
3168   3156   3166
3146   3158   272
3165   3157   2244
3145   2284   3158
3157   2251   2244
3163   3146   3159
265   2251   3159
2251   3157   3163
3163   3159   2251
2238   3161   3157
3145   3160   3161
3178   3173   3171
265   3172   3182
3161   3160   3163
3146   3163   3160
264   2194   3164
3147   3164   2194
264   3165   2244
2238   3165   3164
3169   3154   3170
279   3166   3152
3149   279   3167
3153   3150   3169
272   2284   3168
3174   2284   3148
3154   3149   3170
3153   3169   3156
3152   3170   3167
3156   3169   3170
3183   3146   3209
3180   3192   3171
3178   3176   3173
3179   3183   3173
3180   3184   3189
272   3184   3180
3156   3174   3153
3168   2284   3174
3180   273   3192
3193   3181   3177
2566   265   2571
3179   3146   3183
3209   3146   272
3172   3176   3182
3181   266   3162
3181   3162   3177
3159   3146   3179
3183   3209   3171
3166   3186   3184
3172   3173   3176
3159   3179   3172
3173   3172   3179
3177   3178   3193
3171   3192   3193
3280   3191   3213
3177   2572   3176
272   3166   3184
3185   3197   3190
3188   3195   3194
3187   3186   3166
3186   3197   3195
3166   279   3187
3185   280   3200
3190   3197   3187
3188   3202   3189
286   3191   3199
3194   3198   3188
3197   3194   3195
3187   279   3190
3892   3893   3210
3208   3199   3285
273   3175   3192
3181   3193   3175
3178   3177   3176
3189   3186   3195
3198   3200   280
3195   3188   3189
3194   3197   3185
3191   3285   3199
3204   3196   3185
3198   3194   3200
3187   3197   3186
3200   3194   3185
3201   3202   3188
3191   3280   3285
3280   3213   3893
3198   3201   3188
3198   273   3201
3202   3201   273
273   3180   3202
3202   3180   3189
3214   3204   3285
3196   280   3185
3205   3204   3185
3190   3208   3285
3185   3190   3205
3206   3274   3277
3276   2315   3206
279   3208   3190
3191   286   3207
3216   280   3196
279   3149   3212
3311   3211   3228
272   3180   3209
3171   3209   3180
3213   3191   3207
293   3211   3218
3894   3895   3225
3224   3218   3316
3274   3206   286
3213   3207   3210
3213   3210   3893
3279   3281   3282
3196   3215   3216
3216   3893   3203
3892   287   3203
3210   287   3892
3204   3214   3215
3282   3208   3212
3211   3316   3218
3220   3217   3210
3211   3311   3316
3311   3228   3895
3229   3220   3316
3217   287   3210
3221   3220   3210
3207   3224   3316
3210   3207   3221
3222   3305   3308
3307   2346   3222
286   3224   3207
3211   293   3223
3231   287   3217
286   2315   3227
3339   3226   3243
3228   3211   3223
300   3226   3233
3896   3897   3240
3239   3233   3344
3305   3222   293
3228   3223   3225
3228   3225   3895
3310   3312   3313
3217   3230   3231
3231   3895   3219
3894   294   3219
3225   294   3894
3220   3229   3230
3313   3224   3227
3226   3344   3233
3235   3232   3225
3226   3339   3344
3339   3243   3897
3244   3235   3344
3232   294   3225
3236   3235   3225
3223   3239   3344
3225   3223   3236
3237   3333   3336
3335   2377   3237
293   3239   3223
3226   300   3238
3246   294   3232
293   2346   3242
3248   3241   3360
3243   3226   3238
300   3253   3241
3259   3249   3390
3251   3254   3250
3333   3237   300
3243   3238   3240
3243   3240   3897
3338   3340   3341
3232   3245   3246
3246   3897   3234
3896   301   3234
3240   301   3896
3235   3244   3245
3341   3239   3242
3361   3241   3248
3250   3247   3240
3261   3363   3259
3261   3259   3390
3356   307   3364
3258   301   3247
3251   3250   3240
3250   3254   3363
3240   3238   3251
3356   3252   307
3355   2408   3252
3238   300   3241
3362   3259   3363
3251   3238   3361
3362   3255   3259
3378   3381   3383
300   2377   3253
3396   3260   3395
3260   3388   3385
3375   3388   307
307   2408   3256
3380   3382   3384
3254   3362   3363
3393   3395   3394
3261   3247   3250
3358   3353   3360
3255   3249   3259
3263   3262   3092
3240   3247   301
3249   3255   3260
2257   3262   2027
3092   283   3263
2278   3263   283
276   3092   3264
3092   2286   3264
3267   3265   3092
2252   3265   2307
2042   3266   3135
3268   3266   2307
3092   276   3267
3268   3267   276
276   3094   3268
3268   3094   3266
3103   3269   2041
283   2041   3269
3288   3290   2285
3273   3271   3270
3288   3273   3292
290   3104   3271
3291   3271   3273
297   2316   3289
3292   3270   3102
3297   2285   289
286   3199   3274
3199   3277   3274
3275   3276   3281
3284   278   3283
3206   2315   286
3277   3199   3282
279   3212   3208
3276   3277   3281
3276   3278   2306
3283   3278   3275
3216   3215   3893
3284   3279   3149
3280   3214   3285
3279   3212   3149
3275   3281   3279
3276   3206   3277
3279   3282   3212
3282   3281   3277
278   2266   3283
3278   3283   2266
278   3284   3149
3275   3284   3283
3280   3893   3214
3190   3285   3205
3301   3302   3321
297   3289   3296
2348   2316   3287
2316   2319   3287
3303   2348   3304
3100   282   3290
3271   3291   290
3844   3848   3855
3288   3292   3100
3273   3288   3272
3272   290   3291
3294   2348   3303
3297   3295   3321
289   3295   3297
3286   3293   3349
3100   3292   3102
2316   2348   3294
3303   3304   3301
3270   3292   3273
3295   3322   3321
3330   304   2347
3321   3322   3319
3297   3302   2285
3323   3327   3293
3296   3289   3298
3286   3299   3293
3294   3303   3298
3296   3293   3299
2316   3294   3289
3323   3296   3300
3296   3298   3319
3272   2285   3302
3322   3295   296
3272   3302   3301
3298   3289   3294
3304   2348   290
290   3272   3304
3301   3304   3272
293   3218   3305
3218   3308   3305
3306   3307   3312
3315   285   3314
3222   2346   293
3308   3218   3313
286   3227   3224
3307   3308   3312
3307   3309   2337
3314   3309   3306
3231   3230   3895
3315   3310   2315
3311   3229   3316
3310   3227   2315
3306   3312   3310
3307   3222   3308
3310   3313   3227
3313   3312   3308
285   2298   3314
3309   3314   2298
285   3315   2315
3306   3315   3314
3311   3895   3229
3207   3316   3221
3350   3901   3317
2347   3325   3330
2379   2347   3318
2347   2350   3318
3296   3323   3293
3898   3327   3323
296   3300   3322
3846   3849   3851
3300   3319   3322
3300   296   3898
3321   3319   3298
3325   2379   3286
3298   3301   3321
3858   3856   3853
3325   3286   3349
3299   3286   2379
2347   2379   3325
3296   3299   297
3297   3321   3302
3885   3880   3331
3329   3326   3858
3898   296   3326
3843   3856   296
3329   303   3882
3331   3350   3324
304   3330   3320
2410   3317   3903
3901   3903   3317
3331   3324   3320
3326   3329   3347
296   3295   3328
3848   3850   3852
300   3233   3333
3233   3336   3333
3334   3335   3340
3343   292   3342
3237   2377   300
3336   3233   3341
293   3242   3239
3335   3336   3340
3335   3337   2368
3342   3337   3334
3246   3245   3897
3343   3338   2346
3339   3244   3344
3338   3242   2346
3334   3340   3338
3335   3237   3336
3338   3341   3242
3341   3340   3336
292   2329   3342
3337   3342   2329
292   3343   2346
3334   3343   3342
3339   3897   3244
3223   3344   3236
3880   3350   3331
3350   3317   3351
2370   3346   2383
3348   3346   2378
3327   3347   3912
3881   3874   3885
2371   3348   2378
2380   3346   3348
3329   3882   3347
3881   3885   3331
3371   3899   3373
2380   3351   2410
3874   3881   303
3880   3901   3350
3351   2380   3324
3374   3408   3407
3354   3353   3358
3361   3248   3254
3354   3355   3353
3366   299   3365
3252   2408   307
3359   3248   3360
3360   3241   3253
3355   3252   3359
3355   3357   2399
3365   3357   3354
3248   3359   3356
3366   3358   2377
3355   3359   3353
3358   3253   2377
3358   3360   3253
3360   3353   3359
3251   3361   3254
3238   3241   3361
3248   3362   3254
3255   3364   307
3250   3363   3261
3356   3362   3248
3255   3362   3364
3356   3364   3362
299   2360   3365
3357   3365   2360
299   3366   2377
3354   3366   3365
311   3372   3371
3407   2441   3373
2401   3368   2414
3370   3368   2409
2441   3407   3883
3371   3373   2411
2402   3370   2409
2411   3368   3370
3880   3872   3369
311   3371   2411
3405   3374   3407
2411   3373   2441
3880   3369   3901
310   3889   3900
3409   3899   3905
3408   3374   3367
3257   3375   3384
3385   3375   3257
3376   3377   3382
3387   306   3386
3378   2439   314
3383   3257   3384
3377   2439   3378
307   3256   3375
3377   3379   2430
3386   3379   3376
314   3257   3381
3387   3380   2408
3384   3375   3256
3380   3256   2408
3376   3382   3380
3377   3378   3383
3257   3383   3381
3377   3383   3382
3380   3384   3256
3384   3382   3383
3422   3425   3427
3260   3255   3388
306   2391   3386
3379   3386   2391
306   3387   2408
3376   3387   3386
307   3388   3255
3375   3385   3388
3385   3395   3260
3396   3397   3260
3395   3391   3394
308   3258   3390
3392   3391   3257
3394   3391   3392
3257   314   3392
314   3389   3394
3434   3399   3393
308   3249   3397
314   3394   3392
3401   3389   3400
3391   3395   3385
3395   3393   3396
3434   315   3399
3399   3396   3393
3260   3397   3249
3396   308   3397
3400   3432   3429
3419   3432   314
315   308   3399
308   3396   3399
3439   3448   3437
3401   3434   3436
3436   3394   3389
3429   3442   3444
314   2439   3398
3424   3426   3428
3411   3910   3403
2440   3411   3417
2472   2440   3404
2440   2443   3404
317   3367   3906
3410   3413   3415
3408   3367   317
3412   317   3414
3407   3373   3405
3409   3374   3405
3409   3405   3899
3411   2472   3910
3412   3908   317
3917   3412   3414
324   3406   3416
3911   3910   2472
2440   2472   3411
3408   3911   318
3899   3405   3373
325   2440   3417
3415   3413   3412
3413   3908   3412
3924   3925   3917
325   3417   3406
3412   324   3415
3406   3410   3416
3403   3417   3411
3410   3403   3413
3417   3410   3406
3517   3512   3515
317   3418   3414
3418   3914   3414
3402   3419   3428
3429   3419   3402
3420   3421   3426
3431   313   3430
3422   2470   321
3427   3402   3428
3421   2470   3422
314   3398   3419
3421   3423   2461
3430   3423   3420
321   3402   3425
3431   3424   2439
3428   3419   3398
3424   3398   2439
3420   3426   3424
3421   3422   3427
3402   3427   3425
3421   3427   3426
3424   3428   3398
3428   3426   3427
3527   3440   3458
3400   3389   3432
313   2422   3430
3423   3430   2422
313   3431   2439
3420   3431   3430
314   3432   3389
3419   3429   3432
3429   3435   3442
3400   3443   3401
3435   3448   3442
315   3434   3401
3437   3435   3402
328   3440   3445
3394   3436   3393
3389   3401   3436
3402   321   3437
3449   3442   3433
3444   3443   3400
3449   3433   322
3437   321   3439
3448   3433   3442
3926   3927   3455
3454   3445   3532
3440   3532   3445
3447   3441   3433
3401   3443   315
3443   3444   3450
315   3443   3438
3429   3444   3400
3444   3442   3450
3440   3527   3532
3527   3458   3927
3459   3447   3532
3441   322   3433
3451   3447   3433
3439   3454   3532
3437   3448   3435
3433   3448   3439
322   3438   3449
3438   3450   3449
3450   3438   3443
3442   3449   3450
3433   3439   3451
3452   3521   3524
3523   2501   3452
321   3454   3439
3440   328   3453
3461   322   3441
321   2470   3457
3555   3456   3473
3458   3440   3453
335   3456   3463
3928   3929   3470
3469   3463   3560
3521   3452   328
3458   3453   3455
3458   3455   3927
3526   3528   3529
3441   3460   3461
3461   3927   3446
3926   329   3446
3455   329   3926
3447   3459   3460
3529   3454   3457
3456   3560   3463
3465   3462   3455
3456   3555   3560
3555   3473   3929
3474   3465   3560
3462   329   3455
3466   3465   3455
3453   3469   3560
3455   3453   3466
3467   3549   3552
3551   2532   3467
328   3469   3453
3456   335   3468
3476   329   3462
328   2501   3472
3567   3471   3488
3473   3456   3468
342   3471   3478
3930   3931   3485
3484   3478   3572
3549   3467   335
3473   3468   3470
3473   3470   3929
3554   3556   3557
3462   3475   3476
3476   3929   3464
3928   336   3464
3470   336   3928
3465   3474   3475
3557   3469   3472
3471   3572   3478
3480   3477   3470
3471   3567   3572
3567   3488   3931
3489   3480   3572
3477   336   3470
3481   3480   3470
3468   3484   3572
3470   3468   3481
3482   3561   3564
3563   2557   3482
335   3484   3468
3471   342   3483
3491   336   3477
335   2532   3487
3498   3502   3486
3488   3471   3483
349   3498   3486
3578   3581   3582
3576   3492   3580
3561   3482   342
3488   3483   3485
3488   3485   3931
3566   3568   3569
3477   3490   3491
3491   3931   3479
3930   343   3479
3485   343   3930
3480   3489   3490
3569   3484   3487
3493   3576   3583
3932   3933   3495
3486   3576   3493
3503   3494   3492
3503   3492   3502
3580   3492   3495
3496   3495   3485
3483   3583   3496
3485   3483   3496
3497   3579   3573
3575   2559   3497
3583   342   3499
342   2557   3501
3500   350   3503
3579   3497   349
3500   3503   3502
3486   3493   349
3502   3498   3500
350   3504   3494
350   3494   3503
3504   343   3932
3932   3492   3504
3492   3494   3504
3580   3495   3496
3513   3511   3505
2471   3513   3519
2503   2471   3506
2471   2474   3506
3511   3509   3505
324   3514   3510
3406   324   3510
3924   3520   3922
3511   3507   3509
3507   2503   325
3406   3509   3507
3513   2503   3511
3509   3510   3515
3938   3514   3516
331   3508   3518
3507   3511   2503
2471   2503   3513
3406   3507   325
3515   3505   3509
332   2471   3519
3517   3515   3514
3515   3510   3514
3945   3946   3938
332   3519   3508
3514   331   3517
3508   3512   3518
3505   3519   3513
3512   3505   3515
3519   3512   3508
3536   3537   3543
324   3918   3516
3918   3935   3516
328   3445   3521
3445   3524   3521
3522   3523   3528
3531   320   3530
3452   2501   328
3524   3445   3529
321   3457   3454
3523   3524   3528
3523   3525   2492
3530   3525   3522
3461   3460   3927
3531   3526   2470
3527   3459   3532
3526   3457   2470
3522   3528   3526
3523   3452   3524
3526   3529   3457
3529   3528   3524
320   2453   3530
3525   3530   2453
320   3531   2470
3522   3531   3530
3527   3927   3459
3439   3532   3451
3536   3540   3541
339   2502   3540
2534   2502   3534
2502   2505   3534
3541   3539   3536
331   3542   3538
3508   331   3538
3945   3548   3943
3539   3535   3537
3535   2534   332
3508   3537   3535
3541   2534   3539
3537   3538   3543
3951   3542   3544
3533   339   3540
3535   3539   2534
2502   2534   3541
3508   3535   332
3539   3537   3536
3543   3547   3536
3545   3543   3542
3543   3538   3542
338   3958   4459
3547   3545   3546
3542   338   3545
3546   3545   338
338   3533   3546
3547   3546   3533
3536   3547   3533
3545   3547   3543
331   3939   3544
3939   3948   3544
335   3463   3549
3463   3552   3549
3550   3551   3556
3559   327   3558
3467   2532   335
3552   3463   3557
328   3472   3469
3551   3552   3556
3551   3553   2523
3558   3553   3550
3476   3475   3929
3559   3554   2501
3555   3474   3560
3554   3472   2501
3550   3556   3554
3551   3467   3552
3554   3557   3472
3557   3556   3552
327   2484   3558
3553   3558   2484
327   3559   2501
3550   3559   3558
3555   3929   3474
3453   3560   3466
342   3478   3561
3478   3564   3561
3562   3563   3568
3571   334   3570
3482   2557   342
3564   3478   3569
335   3487   3484
3563   3564   3568
3563   3565   2552
3570   3565   3562
3491   3490   3931
3571   3566   2532
3567   3489   3572
3566   3487   2532
3562   3568   3566
3563   3482   3564
3566   3569   3487
3569   3568   3564
334   2515   3570
3565   3570   2515
334   3571   2532
3562   3571   3570
3567   3931   3489
3468   3572   3481
3493   3573   3579
3574   3575   3581
3585   341   3584
3497   2559   349
3573   3493   3582
3486   3502   3576
342   3501   3499
3575   3577   2558
3584   3577   3574
349   3493   3579
3585   3578   2557
3575   3573   3581
3578   3501   2557
3583   3580   3496
3576   3502   3492
3574   3581   3578
3575   3497   3573
3578   3582   3501
3582   3581   3573
342   3583   3483
3583   3499   3493
341   2544   3584
3577   3584   2544
341   3585   2557
3574   3585   3584
259   3589   3588
259   3607   3589
3597   3605   3610
3596   3586   3587
3593   3586   3596
3593   3596   266
3588   3586   3593
3595   3601   258
3587   3590   2571
3609   3606   3589
3588   3589   3586
3595   3594   3601
3599   3608   3590
3591   259   3592
3594   3591   3592
3591   3594   3595
259   3605   3592
3600   3594   3604
3587   3182   3596
3182   266   3596
3594   3597   3604
3595   3608   3599
258   2566   3598
3590   3598   2566
3590   3587   3606
3602   3604   3597
3601   3594   3600
3598   3608   258
2157   258   3601
3607   3609   3589
3589   3606   3586
3611   3602   3610
3600   3603   2604
3611   3603   3602
3600   2157   3601
3603   3604   3602
3611   3610   252
3597   3610   3602
3590   3606   3599
3597   3592   3605
259   3591   3607
3609   3607   3591
258   3608   3595
3590   3608   3598
3591   3599   3609
3606   3609   3599
3605   259   3610
259   252   3610
252   1666   3611
3603   3611   1666
3612   3613   3619
2735   2738   3622
3619   3613   2650
2731   3612   3620
3614   3623   3617
3614   3612   2731
2649   3615   2693
3617   2693   3615
2726   3618   2685
2723   3618   3616
2693   3617   82
3613   3615   2649
2731   1754   3621
3623   3614   2685
2650   90   3619
3620   3619   90
90   1754   3620
3620   1754   2731
1754   83   3621
3617   3615   3614
3622   2738   2770
3618   3622   3616
2685   82   3623
82   3617   3623
3621   3624   2731
2685   3624   2734
2713   2691   2707
2717   2714   80
2713   3626   2718
73   3626   2707
3628   3636   3641
80   3636   3628
3625   3638   3636
3684   2720   2719
3630   3629   2720
3635   87   3631
2720   3632   3630
3633   3634   3632
87   2702   3631
2702   3629   3631
3685   3632   2720
3633   3632   3017
3017   86   3633
3633   86   3634
86   1936   3634
3630   3634   1936
87   3635   1936
3629   3635   3631
73   2810   3637
80   3625   3636
2810   2801   3637
2801   2810   3653
3639   3638   3625
3643   3653   3024
3625   73   3639
3640   3643   3033
3641   3638   3642
3640   3668   3643
2801   3638   3639
3640   3033   79
2801   3642   3638
3641   3668   3628
3643   3642   3653
79   3654   3640
2809   3651   2795
73   2792   3644
3645   3658   3650
3670   3656   3645
3647   3646   2792
3646   3658   3683
2792   66   3647
3678   3655   65
3650   3658   3647
3683   3669   3674
66   2795   3651
3676   3674   3669
3711   2831   58
3647   66   3650
3672   3704   3702
3671   3704   3648
2810   72   3652
3641   3642   3643
3653   3652   3024
2801   3653   3642
79   3628   3654
3668   3654   3628
3659   3655   3680
3676   3645   65
3673   3659   72
3669   3658   3645
3681   3670   3650
3710   3714   3656
3655   3659   3674
3647   3658   3646
3658   3669   3683
2839   58   3713
3702   3671   3660
3704   3701   3657
3033   3663   3661
79   3033   3661
3682   71   3662
3665   3667   3687
3688   3675   3663
3659   3691   72
3682   3675   3664
71   3686   3662
3687   3686   3694
3700   3665   3694
3663   3666   3661
3700   3666   3665
3688   72   3664
3666   3667   3665
3643   3668   3641
3654   3668   3640
3674   3676   3655
66   3681   3650
3645   3650   3670
3651   2821   3660
3671   3681   3660
66   3660   3681
3702   3660   59
2935   2934   3777
2810   3649   3673
72   2810   3673
3659   3673   3674
3649   3674   3673
3678   3679   3680
3695   3696   3690
3645   3676   3669
65   3655   3676
3696   3692   3697
64   3698   3699
65   3677   3678
3678   3677   3679
3663   3675   3667
3677   3699   3698
3678   3680   3655
3680   3689   3691
59   3672   3702
2874   2937   3708
3680   3679   3689
3033   3688   3663
3674   3649   3683
3683   3649   3646
3628   79   3684
3685   3684   79
79   3017   3685
3685   3017   3632
3700   3694   78
3687   3694   3665
3675   3687   3667
3687   3662   3686
72   3688   3033
3675   3688   3664
3682   3664   3689
3691   3689   3664
64   3695   3698
3693   3696   71
72   3691   3664
3680   3691   3659
3697   3689   3679
71   3682   3693
71   3696   3695
3692   3693   3682
3686   71   3694
71   78   3694
3696   3693   3692
3696   3697   3690
3679   3677   3690
3689   3697   3692
3679   3690   3697
3695   3690   3698
3677   3698   3690
3677   65   3699
65   64   3699
78   3025   3700
3666   3700   3025
3702   3704   3671
59   2818   3703
3656   3671   3648
3704   3672   3701
2874   2840   52
52   2866   2874
3701   2831   3657
3714   3710   65
2827   3706   3705
3712   3707   3705
2824   3706   2827
3712   2842   2837
2840   3705   3707
3705   3706   3712
3701   2822   2934
2872   3708   2822
2934   2822   3708
51   3709   2930
3656   3648   3710
3711   3657   2831
58   2839   3711
2839   3657   3711
2842   3712   3706
2837   3707   3712
3964   2839   3713
3968   3969   3960
65   3645   3714
3656   3714   3645
58   3715   3713
3715   3961   3713
59   2840   3716
2872   3716   2840
3727   3717   2966
3718   3719   3724
3729   62   3728
3720   2755   56
3725   2966   3726
3719   2755   3720
55   2962   3717
3719   3721   2753
3728   3721   3718
56   2966   3723
3729   3722   2907
3726   3717   2962
3722   2962   2907
3718   3724   3722
3719   3720   3725
2966   3725   3723
3719   3725   3724
3722   3726   2962
3726   3724   3725
3741   3740   49
3732   2929   3730
62   2744   3728
3721   3728   2744
62   3729   2907
3718   3729   3728
55   3730   2929
3717   3727   3730
3727   3733   3737
3743   3745   3744
3733   3739   3737
3757   3738   3751
3734   3733   2966
3734   56   3736
2966   56   3734
3727   3737   3743
3740   3737   3731
3735   3742   3745
3739   3731   3737
3758   41   3759
3735   49   3749
3757   3758   3759
3734   3739   3733
3731   3739   3736
3731   49   3740
3741   49   3735
3745   3743   3737
3737   3740   3741
2963   3744   48
2963   3732   3744
3727   3743   3732
3745   3737   3741
3743   3744   3732
48   3744   3742
3735   3745   3741
3744   3745   3742
3765   3773   3767
3742   3747   3748
3756   3746   3738
3750   3755   3749
3735   3755   3764
3742   3748   48
3748   3747   3764
48   3748   3746
3749   3755   3735
3748   3764   3751
3750   3749   49
3758   3757   3773
3746   3756   3763
3746   3760   3973
3759   3756   3738
3758   3773   3765
41   3762   3975
4072   3761   4068
3735   3764   3747
3751   3753   3773
3765   3771   3758
3750   3753   3755
42   3767   3750
4071   3762   3980
3748   3738   3746
3738   3748   3751
3756   3759   41
3759   3738   3757
3760   3978   4075
40   3977   3752
3974   3973   3760
3763   3975   3978
3754   2964   2961
3981   4073   4064
3756   3975   3763
2965   3754   2923
3764   3753   3751
3764   3755   3753
3771   3769   4433
42   3770   3769
3758   3768   3772
3765   3767   42
3753   3750   3767
3984   34   4059
34   3982   3985
3979   4058   3983
3979   3985   3766
41   3758   3772
3766   3772   3768
34   3984   4417
3768   3758   3771
3765   3769   3771
3768   3771   4433
3751   3773   3757
3767   3773   3753
4091   38   4092
4278   46   2853
3981   4279   4065
4282   4069   39
2924   3776   2913
2908   3776   2901
2935   3777   2936
3708   3777   2934
4081   4083   4085
2949   3778   2936
4087   3778   2931
2951   3778   2949
2941   2870   2944
44   2870   3780
3823   3783   3782
3835   3785   3805
2944   4093   2941
4096   2942   4089
3816   3786   3823
3783   3798   3840
2943   3798   2942
3785   3782   3834
3784   2939   3838
37   2945   3786
3781   2941   3783
3823   3786   3781
3800   3791   3789
3794   3788   2952
3793   3787   3795
3805   3804   37
3792   3787   3797
37   3789   3791
3799   3792   3797
3796   3791   3793
3790   3799   3800
3797   3800   3799
3809   3799   3790
3793   2945   3796
3787   3792   3788
2952   44   3794
3795   3794   44
44   2945   3795
3795   2945   3793
2945   37   3796
2974   2973   3792
3791   3797   3793
3807   3801   3803
3804   3811   3789
3813   3814   3810
3809   3790   36
2974   3792   3799
3791   3800   3797
3790   3800   3789
3813   3807   3806
3790   3802   3803
3836   3834   3782
3806   3802   3811
36   3803   3801
3790   3803   36
3805   3811   3804
3811   3802   3789
3826   3834   2939
3786   3816   37
30   3821   3814
3803   3806   3807
30   3819   3820
3813   3830   3831
3801   3808   29
36   2974   3809
2974   3799   3809
3807   3808   3801
3813   3808   3807
3810   3814   3825
3810   29   3808
3810   4099   4097
3789   37   3804
3811   3830   3806
3810   3808   3813
3805   3815   3830
3813   3806   3830
3814   3831   30
3782   3785   3835
2941   3798   3783
3840   3798   2943
30   3833   3821
4100   22   3817
3833   4110   3832
3832   4110   3812
4135   4123   4121
3815   3822   3824
4104   4112   4117
4101   3832   3812
4111   3812   4110
31   3818   4107
3816   3823   3782
2939   3784   3827
3834   3826   3785
3784   3828   3827
3782   37   3816
3815   3824   30
3832   3821   3833
3817   4097   4098
3822   3826   3824
30   3824   3819
3819   3824   3827
3783   3823   3781
2939   3827   3826
3827   3828   3819
3805   37   3835
31   3819   3828
3805   3830   3811
3831   3830   3815
30   3831   3815
3813   3831   3814
3833   3820   4105
30   3820   3833
3819   4102   3820
4101   4098   3832
3824   3826   3827
3784   31   3828
3782   3835   37
3837   2939   3836
3782   38   3836
3836   38   3837
38   3829   3837
3838   3837   3829
3784   3838   3829
2939   3837   3838
3842   4145   4150
31   4145   3842
2943   38   3840
3841   3840   38
38   3782   3841
3783   3841   3782
3829   4147   4145
4122   3839   3818
3853   3843   3332
3844   3845   3850
3855   289   3854
3846   3087   295
3851   3332   3852
3845   3087   3846
296   3328   3843
3845   3847   3085
3854   3847   3844
295   3332   3849
3855   3848   3295
3852   3843   3328
3848   3328   3295
3844   3850   3848
3845   3846   3851
3332   3851   3849
3845   3851   3850
3848   3852   3328
3852   3850   3851
3867   3866   302
3858   3326   3856
289   3076   3854
3847   3854   3076
289   3855   3295
3844   3855   3854
296   3856   3326
3843   3853   3856
3853   3859   3863
3869   3871   3870
3859   3865   3863
3878   3891   3886
3860   3859   3332
3860   295   3862
3332   295   3860
3853   3863   3869
3866   3863   3857
3861   3868   3871
3865   3857   3863
303   3320   3882
3861   302   3875
3890   3888   3887
3860   3865   3859
3857   3865   3862
3857   302   3866
3867   302   3861
3871   3869   3863
3863   3866   3867
3329   3870   303
3329   3858   3870
3853   3869   3858
3871   3863   3867
3869   3870   3858
303   3870   3868
3861   3871   3867
3870   3871   3868
3889   310   3864
3873   3888   3884
3889   3864   3891
3876   3887   3875
3861   3887   3888
3873   3884   3868
3884   3877   3878
3874   3878   3872
3875   3887   3861
3884   3888   3877
3887   3876   3890
3886   310   3872
3884   303   3868
3891   3878   3877
4244   3879   4243
3879   3890   4243
3320   303   3881
3369   3872   310
304   3320   3324
3874   3872   3885
3880   3885   3872
3912   3330   3349
3900   4242   3345
4251   4247   3352
3878   3874   3884
3884   3874   303
3881   3331   3320
3324   3350   3351
3878   3886   3872
3864   3886   3891
3861   3888   3873
3890   3877   3888
3345   310   3900
3876   3875   302
3877   3890   3879
3877   3879   3891
4243   3890   3876
310   3886   3864
3889   3891   3879
3203   3893   3892
3215   3214   3893
3219   3895   3894
3230   3229   3895
3234   3897   3896
3245   3244   3897
3327   3898   3326
3300   3898   3323
3371   3372   3899
4246   4248   4250
316   3418   3352
3409   3906   3367
3901   3902   3372
3901   3372   3903
3409   3345   3906
3369   3902   3901
3372   311   3903
2410   3903   311
3905   3345   3409
3408   318   3904
3372   3905   3899
3902   310   3907
3345   317   3906
3408   317   3908
310   3345   3907
3345   3905   3907
3407   3904   3883
3883   3904   318
3413   3403   3909
3908   3909   3408
3910   3909   3403
3911   2472   318
3408   3909   3911
3910   3911   3909
3330   3912   3320
3912   3349   3327
323   3921   3915
324   3925   3916
3925   3924   3916
3923   3913   3914
3920   3913   3923
3920   3923   316
3915   3913   3920
3924   3922   3916
3914   3917   3414
3919   3922   3921
3915   3921   3913
323   3919   3921
324   3916   3918
323   3918   3919
3918   3916   3922
3913   3921   3922
3922   3919   3918
3514   324   3516
3914   3418   3923
3418   316   3923
3520   3924   3917
3914   3520   3917
324   3412   3925
3917   3925   3412
3446   3927   3926
3460   3459   3927
3464   3929   3928
3475   3474   3929
3479   3931   3930
3490   3489   3931
3933   3932   343
343   3485   3933
3495   3933   3485
330   3942   3936
331   3946   3937
3946   3945   3937
3944   3934   3935
3941   3934   3944
3941   3944   323
3936   3934   3941
3945   3943   3937
3935   3938   3516
3940   3943   3942
3936   3942   3934
330   3940   3942
331   3937   3939
330   3939   3940
3939   3937   3943
3934   3942   3943
3943   3940   3939
3542   331   3544
3935   3918   3944
3918   323   3944
3548   3945   3938
3935   3548   3938
331   3514   3946
3938   3946   3514
337   3950   3949
337   4452   3950
4447   3958   3959
3957   3947   3948
3954   3947   3957
3954   3957   330
3949   3947   3954
3952   337   3956
3948   3951   3544
4452   4448   3950
3949   3950   3947
3953   4446   4443
4447   4448   3958
4458   338   4459
4444   4446   3955
337   3955   3956
3952   3956   3953
4459   4443   4457
3948   3939   3957
3939   330   3957
4447   3959   3951
3948   4453   3951
338   3542   3959
3951   3959   3542
3960   3962   3968
3963   3965   3969
3969   3966   3971
3970   3960   3961
3967   3960   3970
3967   3970   57
3962   3960   3967
3972   3963   3971
3961   3964   3713
3972   3964   3963
3961   3960   3965
3964   3965   3963
3972   3971   65
3969   3971   3963
3962   64   3968
3969   3968   3966
64   3966   3968
3960   3969   3965
3961   3715   3970
3715   57   3970
3966   64   3971
64   65   3971
65   2839   3972
3964   3972   2839
3760   3746   3763
48   3746   3973
41   3975   3756
4286   4281   3977
4067   4068   4070
4280   3976   4279
4069   3976   3977
39   4063   4282
4071   3975   3762
3761   3981   4064
4061   4065   4279
3763   3978   3760
3991   3762   3986
41   3986   3762
3762   40   3980
3980   40   3775
4152   4148   38
4177   4288   4287
3985   3982   3766
4417   3984   4430
42   3769   3765
4435   4058   4434
3985   4059   34
3984   4059   4431
4433   3769   3770
4058   3979   3766
3982   3988   3986
41   3982   3986
3982   3997   3988
3990   3992   3994
34   27   3995
4292   3998   4291
34   3995   4004
4174   4014   4200
4288   3994   4287
4285   3994   3992
4290   3986   3988
4290   3993   3991
4004   3995   4006
40   3990   4289
40   3993   3992
3996   3998   4290
40   4007   3993
3991   3993   4007
3997   34   3987
4289   3990   4286
3997   3996   3988
3987   3989   3996
34   3997   3982
3996   3997   3987
4291   3996   3989
4290   3991   3986
4000   4002   4003
4002   4013   3989
4000   4004   4006
4013   4012   4200
4008   26   4014
4006   3999   4000
4003   4002   3989
3999   4012   4002
3989   3987   4003
4004   4003   3987
3987   34   4004
4003   4004   4000
4011   4010   4005
3999   4174   4012
3995   4010   4006
4020   4009   4022
40   3762   4007
3991   4007   3762
4010   27   4005
27   4009   4020
4017   4201   4029
27   20   4009
27   4010   3995
4011   4005   4008
4200   4014   26
4010   4011   4001
3999   4002   4000
4008   4001   4011
4013   33   3989
4174   3999   4001
4200   33   4013
4008   4174   4001
4016   4018   4019
4018   4192   4008
4016   4020   4022
4168   4027   4191
26   4192   4029
4027   4198   4191
4019   4018   4008
4182   4022   4202
4008   4005   4019
4020   4019   4005
4005   27   4020
4019   4020   4016
4026   4025   4021
4025   4202   4022
4009   4025   4022
4035   4024   4037
4025   20   4021
20   4024   4035
4042   4043   4044
20   13   4024
20   4025   4009
4026   4021   4023
4015   4198   4199
4025   4026   4202
4198   4015   4191
4029   4192   4182
4203   4029   4198
4195   4190   4015
26   4029   4028
4023   4017   4202
4031   4033   4034
4033   4032   4023
4031   4035   4037
4255   4032   4033
4260   4266   4259
4041   4042   4030
4034   4033   4023
4258   4037   4030
4023   4021   4034
4035   4034   4021
4021   20   4035
4034   4035   4031
4041   4040   4036
4037   4258   4031
4024   4040   4037
4437   4389   4385
4040   13   4036
4375   4376   4380
4051   4055   4054
4050   4055   4047
13   4040   4024
4041   4036   4038
4042   4255   4258
4040   4041   4030
4040   4030   4037
4023   4032   19
4044   4043   12
4255   4042   4044
4038   12   4043
4041   4038   4042
4400   4046   4050
4045   4276   4048
4054   4050   4046
5   4057   4056
4328   4274   4277
4057   12   4045
4049   4048   4038
4382   4379   4039
4038   4036   4049
6   4046   4383
4048   4400   4050
13   4052   4036
6   4051   4054
4053   5   4056
4048   4050   4047
4054   4055   4050
4054   4046   6
4055   4051   4053
4275   4056   4057
4052   4400   4036
4276   4045   12
4047   4275   4045
4275   4055   4056
4055   4053   4056
4059   3985   3979
3766   3768   4058
3983   4059   3979
46   4278   4062
2856   4090   4089
2915   47   4064
3775   3752   3981
46   4062   4060
4280   3752   3977
4074   4063   4091
4091   4092   4074
3775   40   3752
3761   3775   3981
47   3761   4064
4065   4061   4278
4061   4066   4062
3976   4066   4061
4068   4067   3974
47   2923   4067
3974   3760   4075
4070   4068   3761
3761   4072   3775
4071   4072   4075
3761   47   4070
4067   4070   47
4072   4071   3980
3975   4071   3978
3775   4072   3980
4068   3974   4075
2853   4073   4065
2915   4064   4073
4096   4089   4151
4282   4063   4066
4071   4075   3978
4068   4075   4072
2972   4076   2955
2953   2950   4076
2968   4077   2970
2969   2956   4078
2967   2953   4079
2953   4077   4079
50   2967   4079
2951   2967   4081
4088   4080   3715
3779   4082   4086
4080   2954   3715
57   2954   4082
50   3779   4083
3779   4085   4083
2931   4084   4080
2951   4081   4085
2951   4085   4084
4080   4086   2954
4086   4084   4085
58   2936   4087
3778   4087   2936
58   4088   3715
2931   4088   4087
4090   2856   4060
2862   2856   4089
4060   3774   4090
4063   39   4091
4092   4146   4074
2942   4096   2943
4094   4091   4153
4095   4092   38
2941   4093   3798
2864   4093   2944
3774   4063   4074
4063   3774   4066
38   2943   4095
2943   4096   4146
4151   4089   4090
4095   2943   4146
29   3810   4097
3832   4099   3825
4101   22   4100
4098   4097   4099
3818   4121   4118
3817   4098   4100
4101   4100   4098
3825   3821   3832
22   4101   3812
4103   4102   3819
4105   4102   4109
3819   31   4103
4108   4118   4119
4109   4102   4106
4104   3833   4105
4106   4102   4103
4136   4116   4125
4106   4115   4109
4107   4103   31
3818   4106   4107
4103   4107   4106
4124   4120   4112
4109   4115   4124
4115   3818   4108
4139   4138   4140
3833   23   4110
4110   23   4111
23   22   4111
22   3812   4111
4105   4109   4104
4113   4135   3842
4138   4135   4128
4135   4113   4128
4117   3833   4104
4297   4116   4206
3818   4115   4106
4120   4124   4108
4108   24   4120
4104   4124   4112
4112   23   4117
3833   4117   23
3842   32   4113
3842   3839   4122
3818   3839   4121
4108   4119   24
4125   4116   4126
4208   4209   4210
4119   4118   4121
24   4119   4114
3842   4122   31
4113   32   4165
4119   4121   4123
4123   4138   4139
4109   4124   4104
4108   4124   4115
24   4125   4126
4130   4129   4112
17   4136   4125
4294   4129   4130
4114   4137   4144
4143   4132   4186
4171   4200   4176
4140   4137   4139
23   4293   4298
4297   4206   4208
4131   4130   4112
4131   4120   4126
4112   4120   4131
4136   4206   4116
4125   24   4186
4185   4132   4143
4136   17   4133
4206   4136   4207
4142   4143   4144
4221   4127   4212
4095   4146   4092
4135   4138   4123
4116   4297   4126
4269   4205   4267
4139   4119   4123
3839   4135   4121
4128   4178   4162
4142   4137   25
4137   4114   4139
4119   4139   4114
4162   4138   4128
25   4137   4140
4194   4183   4167
4166   25   4197
4197   4196   4168
4188   4142   4141
24   4114   4186
4183   4141   4167
4142   4144   4137
4125   4132   4187
31   3829   4145
3818   31   4122
4151   4146   4096
4149   4153   4158
4148   4147   3829
4150   4147   4153
3829   38   4148
4151   4074   4146
4153   4147   4094
32   3842   4154
4094   4147   4148
3842   4150   4149
4149   4150   4153
3774   4074   4151
38   4091   4152
4091   4094   4152
4091   4155   4153
4156   4158   4159
3842   4149   4154
4149   4158   4157
4091   39   4155
4159   4155   39
39   4069   4283
4163   4177   4287
4149   4157   4154
32   4177   4163
4159   4158   4153
4157   4158   4156
4155   4159   4153
4281   4069   3977
4166   4168   4167
4166   4167   4141
4140   4138   4162
4177   32   4157
4165   4178   4128
4164   4179   4169
32   4163   4160
4010   4001   4006
4175   4169   4176
4183   4194   18
4113   4165   4128
32   4160   4165
4176   4169   4179
25   4166   4142
4194   4191   4015
4169   4161   4170
4162   4173   4140
4016   4182   4018
4161   25   4170
4191   4167   4168
4140   4170   25
4164   4173   4162
4180   33   4171
4180   4171   4179
4200   26   4175
4172   4169   4175
4169   4173   4164
4140   4173   4170
4006   4001   3999
4171   4176   4179
4178   4160   4179
33   4200   4171
4175   4176   4200
4198   4027   4203
4157   4156   4177
4283   4069   4281
4162   4178   4164
4165   4160   4178
4179   4164   4178
4180   4179   4163
4163   33   4180
26   4172   4175
4132   4134   4187
4183   4185   4188
4027   4168   4196
4199   19   4195
18   4184   4183
4184   4185   4183
18   4181   4184
4185   4184   4181
4132   4185   4134
4187   4134   17
4186   4114   4144
4189   4127   4216
4185   4143   4188
17   4125   4187
4142   4188   4143
4183   4188   4141
4181   18   4271
4314   4193   4313
4190   4194   4015
19   18   4190
4196   4161   4203
4161   4172   4203
4008   4192   26
4029   4182   4017
4270   4205   4313
4215   4189   4214
4191   4194   4167
4190   18   4194
4028   4203   4172
19   4190   4195
4168   4166   4197
4172   26   4028
25   4161   4197
4161   4196   4197
4198   4029   4199
4182   4192   4018
4199   4195   4015
4029   19   4199
4012   4174   4200
4172   4161   4169
4023   19   4201
4029   4201   19
4023   4202   4026
4182   4202   4017
4203   4028   4029
4196   4203   4027
4136   4133   4207
4313   4312   4212
4222   4219   4224
4212   4127   4218
4134   4185   4181
4207   4133   4204
4208   4294   4297
24   4126   4120
4208   4206   4207
4112   4129   23
4210   4209   16
4294   4208   4210
4204   16   4209
4207   4204   4208
4133   4218   4215
4213   4211   4214
4221   4216   4127
4189   4216   4223
9   4348   4350
16   4204   4211
4215   4214   4204
4189   4215   4218
4204   4133   4215
4205   4312   4313
4320   4224   4219
17   4212   4218
4221   10   4217
4211   4213   16
10   4221   4212
4319   4220   4227
4222   4221   4217
4338   4220   4339
10   4235   4217
4359   4236   4228
4320   4223   4224
4222   4217   4219
4214   4189   4223
4216   4221   4222
4216   4222   4224
4225   16   4213
4216   4224   4223
4214   4211   4204
4320   4219   9
17   4218   4133
4235   4230   4217
4226   4323   4229
4360   4233   4343
2   4238   4237
4363   4321   4324
4238   9   4226
4230   4229   4219
4345   4343   4233
4219   4217   4230
4220   4338   4233
3   4232   4231
10   4227   4235
4231   4359   4227
4234   2   4237
4232   4236   4231
4231   4236   4359
4231   4227   3
4236   4232   4234
4322   4237   4238
4235   4229   4230
4323   4226   9
4228   4322   4226
4322   4236   4237
4236   4234   4237
4239   4240   4249
4253   317   4252
4246   3889   309
4250   4241   4251
4245   4249   4251
4248   4246   309
4240   4242   3900
4252   4242   4239
3876   309   4243
4244   4243   309
309   3889   4244
3889   3879   4244
4240   3889   4246
4253   4245   3418
4241   4247   4251
4245   3352   3418
316   3352   4247
309   4241   4248
4241   4250   4248
4239   4249   4245
4240   4246   4250
4240   4250   4249
4245   4251   3352
4251   4249   4250
317   3345   4252
4242   4252   3345
317   4253   3418
4239   4253   4252
4257   4262   4263
19   4032   4262
4032   4255   4044
4258   4033   4031
4254   4265   18
4317   4266   11
4257   4259   4264
4266   4261   4259
4042   4258   4030
4033   4258   4255
4256   4044   4325
12   4325   4044
4259   4261   4264
4263   4044   4256
4273   4266   4317
4205   4270   4267
4254   19   4262
4264   4262   4257
4032   4044   4263
4256   4325   4259
4256   4259   4257
4265   4264   4261
4264   4265   4254
4266   4260   11
4257   4263   4256
4316   4317   4267
4313   4193   4270
4268   4261   4273
4261   4268   4265
4316   4268   4273
17   4193   4314
11   4318   4317
10   4212   4312
4270   4181   4271
18   4268   4271
4271   4268   4272
4312   4205   4269
4271   4272   4270
4327   4331   4342
4272   4316   4267
4335   4331   4332
4274   4330   4057
4045   4275   4057
4055   4275   4047
12   4038   4276
4048   4276   4038
4326   4328   4329
5   4277   4274
4065   4278   2853
4062   4278   4061
4280   3981   3752
4061   4279   3976
3976   4280   3977
3981   4280   4279
4284   4285   33
4283   4288   4156
4066   3976   4282
4069   4282   3976
4156   4159   4283
4283   4159   39
3994   4284   4287
3994   4285   4284
3992   33   4285
33   4163   4284
4289   4286   3977
3992   3990   40
4288   4177   4156
3994   4288   4281
3994   4281   4286
3994   4286   3990
3977   40   4289
4287   4284   4163
3996   4290   3988
3993   4290   3998
33   4292   3989
4291   3989   4292
33   3992   4292
3998   4292   3992
4296   4301   4302
23   4129   4301
4129   4294   4210
4131   4126   4130
4308   4309   16
22   23   4298
4299   4305   4307
4299   4347   4310
4297   4130   4126
4130   4297   4294
4300   4295   4304
4307   4295   4296
4304   4306   4300
4302   4210   4309
15   4303   4305
15   4305   4299
4293   23   4301
4300   22   4298
4129   4210   4302
4307   4309   4308
4303   22   4300
4303   4306   4305
4301   4295   4293
4305   4306   4307
4300   4306   4303
4293   4295   4300
4307   4306   4304
4295   4307   4304
4296   4302   4309
16   4299   4308
4299   4307   4308
4296   4309   4307
16   4309   4210
4354   4346   4353
4351   4346   4349
4351   4347   4346
15   4299   4310
4269   10   4312
4332   4336   4337
4314   4313   4212
4270   4272   4267
4212   17   4314
4193   17   4181
4337   4336   4333
4220   4319   4339
4268   4316   4272
4317   4316   4273
4273   4261   4266
4318   4337   4340
4318   4267   4317
4269   4267   4318
11   4337   4318
3   4227   4315
9   4225   4320
4223   4320   4225
4367   4369   4371
4321   4365   4238
4226   4322   4238
4236   4322   4228
9   4219   4323
4229   4323   4219
8   4348   4361
2   4324   4321
12   4260   4325
4259   4325   4260
4336   4332   4326
4326   4331   4327
4342   12   4341
4329   4328   4277
4327   4328   4326
4277   4   4329
4329   4   4334
4328   4330   4274
4341   4330   4327
4332   4331   4326
4342   4331   4260
4334   4326   4329
4335   4332   11
4345   4333   4344
4227   10   4319
4344   4   4343
4334   4333   4336
11   4260   4335
4331   4335   4260
4334   4336   4326
4339   4340   4338
4338   4337   4333
11   4332   4337
4334   4344   4333
4345   4233   4338
4340   4269   4318
4269   4319   10
4338   4340   4337
4269   4340   4339
12   4057   4341
4330   4341   4057
12   4342   4260
4327   4342   4341
3   4360   4
4227   4233   4315
4   4344   4334
4345   4344   4343
4315   4233   4360
4333   4345   4338
4352   4358   4349
4353   4347   4299
4352   4346   4354
4362   4366   4374
4349   4346   4352
4355   9   4350
4356   4311   4351
4358   4355   4350
4348   4349   4358
4356   4351   4349
4349   4357   4356
4352   4225   4355
4347   4351   4310
4299   16   4353
4354   4353   16
16   4225   4354
4354   4225   4352
4225   9   4355
4310   4351   4311
4357   4349   4348
4311   4356   8
4348   8   4357
8   4356   4357
4355   4358   4352
4348   4358   4350
4229   4359   4228
4359   4235   4227
4   4360   4343
4315   4360   3
4372   4368   4361
4362   4363   4370
4374   9   4373
4367   4324   1
4371   4364   4372
4366   4370   4372
4369   4367   1
4363   4365   4321
4373   4365   4362
4363   4324   4367
4374   4366   4348
4364   4368   4372
4366   4361   4348
8   4361   4368
1   4364   4369
4364   4371   4369
4362   4370   4366
4363   4367   4371
4363   4371   4370
4366   4372   4361
4372   4370   4371
9   4238   4373
4365   4373   4238
9   4374   4348
4362   4374   4373
4378   6   4377
4391   4381   4398
4384   4376   4375
4380   4379   4382
6   4383   4377
4384   4383   4376
4375   4397   4384
4384   4377   4383
13   4381   4391
4052   4379   4380
4046   4380   4376
4379   4052   13
4405   4406   4407
13   20   4381
4398   4436   4437
4375   4380   4382
4399   4039   4393
4397   4375   4394
4378   4377   4384
4394   4388   4395
4399   4375   4382
4387   4385   4390
4385   4386   4039
4387   4391   4398
4403   4436   4398
4039   14   4393
4386   14   4039
4390   4385   4039
4039   4379   4390
4391   4390   4379
4379   13   4391
4390   4391   4387
4404   4403   4392
4407   14   4386
4388   4394   4393
14   4388   4393
4395   4388   7
4399   4394   4375
7   4396   4395
4378   4397   4396
7   4378   4396
4397   4378   4384
4394   4395   4397
4396   4397   4395
4381   4403   4398
4413   4402   4415
4039   4399   4382
4394   4399   4393
4036   4400   4049
4046   4400   4052
4403   20   4392
20   4402   4413
4420   4421   4422
20   27   4402
20   4403   4381
4404   4392   4401
4389   4405   4407
4403   4404   4436
4401   21   4406
4437   4385   4387
4386   4389   4407
4401   4436   4404
4407   4406   21
4401   4405   4436
4409   4411   4412
4411   4408   4401
4409   4413   4415
4418   4438   4415
4415   4438   4439
4408   21   4401
4412   4411   4401
4439   4410   4411
4401   4392   4412
4413   4412   4392
4392   20   4413
4412   4413   4409
4419   4418   4414
4422   21   4408
4402   4418   4415
4428   4417   4430
4418   27   4414
27   4417   4428
4431   4430   3984
27   34   4417
27   4418   4402
4419   4414   4416
4410   4420   4422
4418   4419   4438
4416   28   4421
4439   4411   4409
4408   4410   4422
4416   4438   4419
4422   4421   28
4416   4420   4438
4424   4426   4427
4440   4442   4426
4424   4428   4430
4431   4441   4425
4426   4424   4425
4441   4423   4432
4427   4426   4416
4430   4425   4424
4416   4414   4427
4428   4427   4414
4414   27   4428
4427   4428   4424
4432   28   4440
3983   35   4429
4431   4059   3983
4441   4431   4429
35   4423   4429
35   4432   4423
4425   4441   4440
4431   3983   4429
4434   4433   3770
3768   4433   4058
3770   35   4434
4435   4434   35
35   3983   4435
4058   4435   3983
4437   4405   4389
4398   4437   4387
4405   4437   4436
4439   4420   4410
4415   4439   4409
4420   4439   4438
4442   4440   28
4423   4441   4429
4440   4441   4432
28   4416   4442
4426   4442   4416
4448   4452   3952
4456   4445   4455
337   4444   3955
4445   4456   4450
4446   4449   4450
3947   3950   4448
4451   4449   344
3959   3958   338
3953   3955   4446
3952   3958   4448
3953   3956   3955
4450   4449   4451
4443   4446   4450
344   4445   4451
4445   4450   4451
4462   4464   4460
4453   4447   3951
3947   4453   3948
4447   4453   4448
4457   4443   4456
4456   4443   4450
4461   345   4454
4461   4455   345
4456   4461   4457
4454   4458   4457
4457   4458   4459
4454   338   4458
3953   4459   3952
3952   4459   3958
4443   4459   3953
4467   4454   4460
4465   2576   2536
4457   4461   4454
4455   4461   4456
4464   4462   4463
345   4462   4460
4466   4468   2576
2536   2576   4468
2576   4469   4473
339   4469   4465
4462   346   4463
339   2574   4470
4474   4466   4473
4464   4467   4460
4474   4467   4466
2574   339   4465
4467   4468   4466
4474   4473   338
2576   4473   4466
2574   2533   4470
2576   4465   4469
4472   2575   2538
4471   4472   2574
2574   4472   2533
2575   4472   4471
4469   339   4473
339   338   4473
338   4454   4474
